94102

25881
176.9
38579
574100
22517
9.3
0.7

94103

23907
155.5
17630
628000
43364
9.8
1.4

94104

211
166.3
2719
1000001
48750
10.3
0.1

94105

5553
140.6
15033
740900
163949
2.8
0.4

94107

27856
144.1
15546
719700
114439
7.5
1.8

94108

13709
175.1
50764
856900
35427
9.3
0.3

94109

55519
152.5
46737
723200
60722
6.7
1.2

94110

72128
147.8
31018
768200
82111
7.9
2.3

94111

3496
151.1
10160
882000
89722
12.3
0.3

94112

82726
145.6
24592
602400
71625
10.9
3.4

94114

31397
147.9
22028
1000001
114689
6.0
1.4

94115

33782
154.5
30278
965800
76952
6.2
1.1

94116

45157
147.5
17465
734400
83407
8.2
2.6

94117

41568
149.6
24633
911500
94479
6.0
1.7

94118

40292
153.8
20675
1000001
82857
7.0
1.9

94121

42104
152.5
13662
846400
72756
7.7
3.1

94122

57369
148.9
24269
774500
81768
7.1
2.4

94123

24500
148.5
24005
1000001
112650
7.0
1.0

94124

35309
145.3
7167
470400
50146
16.2
4.9

94127

19576
145.5
11057
916900
131351
6.1
1.8

94129

2787
138.3
1209
1000000
143320
1.5
2.3

94130

2654
136.4
2883
778000
37500
12.3
0.9

94131

26908
148.0
12939
859700
96889
6.5
2.1

94132

31080
151.7
9993
733100
69223
11.0
3.1

94133

27970
164.9
37044
931200
50485
8.1
0.8

94134

38815
146.8
16175
547800
56716
12.9
2.4
